%YAML:1.0
cameraMatrix: !!opencv-matrix
   rows: 3
   cols: 3
   dt: d
   data: [ 3.6871314241073281e+02, 0., 2.5677799905200879e+02, 0.,
       3.6334192143233093e+02, 1.9761830798583256e+02, 0., 0., 1. ]
distortionCoefficients: !!opencv-matrix
   rows: 1
   cols: 5
   dt: d
   data: [ 1.0695569824963908e-01, -2.7872013889326575e-01,
       6.0732192385057259e-03, 5.3616623148748420e-03,
       1.0295851097266892e-01 ]
rotation: !!opencv-matrix
   rows: 3
   cols: 3
   dt: d
   data: [ 1., 0., 0., 0., 1., 0., 0., 0., 1. ]
projection: !!opencv-matrix
   rows: 4
   cols: 4
   dt: d
   data: [ 3.6871314241073281e+02, 0., 2.5677799905200879e+02, 0., 0.,
       3.6334192143233093e+02, 1.9761830798583256e+02, 0., 0., 0., 1.,
       0., 0., 0., 0., 1. ]
