%YAML:1.0
rotation: !!opencv-matrix
   rows: 3
   cols: 3
   dt: d
   data: [ 9.9975106267760983e-01, -7.8633417531574316e-03,
       2.0880146825705711e-02, 7.9435674831797864e-03,
       9.9996137263629403e-01, -3.7620434578560635e-03,
       -2.0849758047280693e-02, 3.9269698001996233e-03,
       9.9977490791555590e-01 ]
translation: !!opencv-matrix
   rows: 3
   cols: 1
   dt: d
   data: [ -4.9130782742700038e-02, -9.3448063839846716e-05,
       -2.0938538818671419e-03 ]
essential: !!opencv-matrix
   rows: 3
   cols: 3
   dt: d
   data: [ 1.8581039131577241e-05, 2.0934060340871137e-03,
       -1.0130419871835455e-04, -3.1176975763471232e-03,
       2.0939978874504856e-04, 4.9076003815917153e-02,
       -2.9684888708903076e-04, -4.9129619764148022e-02,
       1.8678334909007620e-04 ]
fundamental: !!opencv-matrix
   rows: 3
   cols: 3
   dt: d
   data: [ 1.6191860068271404e-08, 1.8241884144209541e-06,
       -4.1356187155025867e-04, -2.7204948107489555e-06,
       1.8271728489759521e-07, 1.6164025776523344e-02,
       1.1968226871299657e-03, -4.6730840476764575e-02, 1. ]
