%YAML:1.0
cameraMatrix: !!opencv-matrix
   rows: 3
   cols: 3
   dt: d
   data: [ 1.0488150311730440e+03, 0., 9.4833673246715409e+02, 0.,
       1.0473979761040293e+03, 5.4529972356358167e+02, 0., 0., 1. ]
distortionCoefficients: !!opencv-matrix
   rows: 1
   cols: 5
   dt: d
   data: [ 3.6263217091437636e-02, -5.1896049003064902e-02,
       -5.6596709159258943e-04, -1.0648942122069383e-03,
       1.9014958709658674e-02 ]
rotation: !!opencv-matrix
   rows: 3
   cols: 3
   dt: d
   data: [ 1., 0., 0., 0., 1., 0., 0., 0., 1. ]
projection: !!opencv-matrix
   rows: 4
   cols: 4
   dt: d
   data: [ 1.0488150311730440e+03, 0., 9.4833673246715409e+02, 0., 0.,
       1.0473979761040293e+03, 5.4529972356358167e+02, 0., 0., 0., 1.,
       0., 0., 0., 0., 1. ]
