%YAML:1.0
depthShift: -2.1929681661935525e+01
