%YAML:1.0
cameraMatrix: !!opencv-matrix
   rows: 3
   cols: 3
   dt: d
   data: [ 3.6178569040090565e+02, 0., 2.6056461250169576e+02, 0.,
       3.6179445619892829e+02, 2.0688926664712619e+02, 0., 0., 1. ]
distortionCoefficients: !!opencv-matrix
   rows: 1
   cols: 5
   dt: d
   data: [ 1.2996711482383946e-01, -4.1768240407797608e-01,
       -1.9597732898121788e-03, 2.5935096909111177e-03,
       2.9213967223543963e-01 ]
rotation: !!opencv-matrix
   rows: 3
   cols: 3
   dt: d
   data: [ 1., 0., 0., 0., 1., 0., 0., 0., 1. ]
projection: !!opencv-matrix
   rows: 4
   cols: 4
   dt: d
   data: [ 3.6178569040090565e+02, 0., 2.6056461250169576e+02, 0., 0.,
       3.6179445619892829e+02, 2.0688926664712619e+02, 0., 0., 0., 1.,
       0., 0., 0., 0., 1. ]
