%YAML:1.0
cameraMatrix: !!opencv-matrix
   rows: 3
   cols: 3
   dt: d
   data: [ 3.6634585902146262e+02, 0., 2.5469837742875490e+02, 0.,
       3.6677445667486415e+02, 2.0790236201994077e+02, 0., 0., 1. ]
distortionCoefficients: !!opencv-matrix
   rows: 1
   cols: 5
   dt: d
   data: [ 1.3363818085254039e-01, -3.7320228507356390e-01,
       -6.7159154138063013e-04, 1.3902967812979992e-03,
       1.7875865320087383e-01 ]
rotation: !!opencv-matrix
   rows: 3
   cols: 3
   dt: d
   data: [ 1., 0., 0., 0., 1., 0., 0., 0., 1. ]
projection: !!opencv-matrix
   rows: 4
   cols: 4
   dt: d
   data: [ 3.6634585902146262e+02, 0., 2.5469837742875490e+02, 0., 0.,
       3.6677445667486415e+02, 2.0790236201994077e+02, 0., 0., 0., 1.,
       0., 0., 0., 0., 1. ]
