%YAML:1.0
cameraMatrix: !!opencv-matrix
   rows: 3
   cols: 3
   dt: d
   data: [ 1.0530914935374449e+03, 0., 9.4601804446726010e+02, 0.,
       1.0094820091841644e+03, 5.3358578994416314e+02, 0., 0., 1. ]
distortionCoefficients: !!opencv-matrix
   rows: 1
   cols: 5
   dt: d
   data: [ 2.0081253323729061e-02, -6.5856460202264780e-02,
       2.0629057197389535e-02, -1.1035124613277146e-02,
       1.8144912309229839e-02 ]
rotation: !!opencv-matrix
   rows: 3
   cols: 3
   dt: d
   data: [ 1., 0., 0., 0., 1., 0., 0., 0., 1. ]
projection: !!opencv-matrix
   rows: 4
   cols: 4
   dt: d
   data: [ 1.0530914935374449e+03, 0., 9.4601804446726010e+02, 0., 0.,
       1.0094820091841644e+03, 5.3358578994416314e+02, 0., 0., 0., 1.,
       0., 0., 0., 0., 1. ]
