%YAML:1.0
rotation: !!opencv-matrix
   rows: 3
   cols: 3
   dt: d
   data: [ 9.9798158425448202e-01, 6.3449955058320462e-02,
       2.6192922729864243e-03, -6.2952833463554819e-02,
       9.8305561658175111e-01, 1.7215863459606970e-01,
       8.3485476475939537e-03, -1.7197603876752779e-01,
       9.8506575610057912e-01 ]
translation: !!opencv-matrix
   rows: 3
   cols: 1
   dt: d
   data: [ -1.0624304562006982e-01, -1.3537231256042456e-01,
       -1.2416355954626266e-02 ]
essential: !!opencv-matrix
   rows: 3
   cols: 3
   dt: d
   data: [ -1.9118069902114903e-03, 3.5486762531615083e-02,
       -1.3121304653961130e-01, -1.1504319457680840e-02,
       -1.9059075359646498e-02, 1.0462386399895179e-01,
       1.4178737571082653e-01, -9.5853455571460994e-02,
       -1.7936078017013343e-02 ]
fundamental: !!opencv-matrix
   rows: 3
   cols: 3
   dt: d
   data: [ -2.6899796576997494e-07, 5.0669245835833080e-06,
       -7.7394768583265586e-03, -1.6570540250761499e-06,
       -2.7858047317409814e-06, 6.5324415789809560e-03,
       2.2998311498612711e-02, -1.8825785507993794e-02, 1. ]
