%YAML:1.0
cameraMatrix: !!opencv-matrix
   rows: 3
   cols: 3
   dt: d
   data: [ 3.7287934435168813e+02, 0., 2.5593047594524680e+02, 0.,
       3.5287288538706048e+02, 1.8833646925632843e+02, 0., 0., 1. ]
distortionCoefficients: !!opencv-matrix
   rows: 1
   cols: 5
   dt: d
   data: [ 6.9220706328530460e-02, -2.9175179590664224e-01,
       2.7140848339311772e-02, 3.3846092374578717e-03,
       1.2859970852603927e-01 ]
rotation: !!opencv-matrix
   rows: 3
   cols: 3
   dt: d
   data: [ 1., 0., 0., 0., 1., 0., 0., 0., 1. ]
projection: !!opencv-matrix
   rows: 4
   cols: 4
   dt: d
   data: [ 3.7287934435168813e+02, 0., 2.5593047594524680e+02, 0., 0.,
       3.5287288538706048e+02, 1.8833646925632843e+02, 0., 0., 0., 1.,
       0., 0., 0., 0., 1. ]
