%YAML:1.0
cameraMatrix: !!opencv-matrix
   rows: 3
   cols: 3
   dt: d
   data: [ 1.0403762683372784e+03, 0., 9.6148637810746175e+02, 0.,
       1.0395857950988013e+03, 5.4457401586711705e+02, 0., 0., 1. ]
distortionCoefficients: !!opencv-matrix
   rows: 1
   cols: 5
   dt: d
   data: [ 3.6142726116878479e-02, -5.0995883911236842e-02,
       1.0672969127464489e-04, 2.1801821578017471e-03,
       1.4225172771524186e-02 ]
rotation: !!opencv-matrix
   rows: 3
   cols: 3
   dt: d
   data: [ 1., 0., 0., 0., 1., 0., 0., 0., 1. ]
projection: !!opencv-matrix
   rows: 4
   cols: 4
   dt: d
   data: [ 1.0403762683372784e+03, 0., 9.6148637810746175e+02, 0., 0.,
       1.0395857950988013e+03, 5.4457401586711705e+02, 0., 0., 0., 1.,
       0., 0., 0., 0., 1. ]
