%YAML:1.0
depthShift: -1.0392889798704845e+01
