%YAML:1.0
depthShift: 1.6669511054207957e+00
