%YAML:1.0
rotation: !!opencv-matrix
   rows: 3
   cols: 3
   dt: d
   data: [ 9.9997402941278235e-01, -6.9861242008550321e-03,
       -1.7704712971501270e-03, 6.9871993634964685e-03,
       9.9997540812723473e-01, 6.0181876438496857e-04,
       1.7662233773108548e-03, -6.1417377071879345e-04,
       9.9999825162125200e-01 ]
translation: !!opencv-matrix
   rows: 3
   cols: 1
   dt: d
   data: [ -5.3785944794094265e-02, -6.4994948507762882e-04,
       -2.2590265837266688e-02 ]
essential: !!opencv-matrix
   rows: 3
   cols: 3
   dt: d
   data: [ 1.5669473510475056e-04, 2.2590109482249512e-02,
       -6.3635310284645009e-04, -2.2494681161731412e-02,
       1.2478448634361573e-04, 5.3825846173151316e-02,
       2.7411948627748786e-04, -5.3789162724810359e-02,
       -3.3520107745187390e-05 ]
fundamental: !!opencv-matrix
   rows: 3
   cols: 3
   dt: d
   data: [ 6.3867205447793551e-08, 9.1967429769331148e-06,
       -2.0233110098140591e-03, -9.1755784236756554e-06,
       5.0840101590191547e-08, 1.0369762847404910e-02,
       5.0516136747788733e-03, -3.1652705998765893e-02, 1. ]
