%YAML:1.0
cameraMatrix: !!opencv-matrix
   rows: 3
   cols: 3
   dt: d
   data: [ 1.0944572486317720e+03, 0., 1.0515121466240557e+03, 0.,
       1.0691238488998013e+03, 5.3169909113153403e+02, 0., 0., 1. ]
distortionCoefficients: !!opencv-matrix
   rows: 1
   cols: 5
   dt: d
   data: [ 7.5789343319992066e-03, 6.2808202135399976e-02,
       1.6343535120562934e-02, 3.4133956394468881e-02,
       -9.7160428994224390e-02 ]
rotation: !!opencv-matrix
   rows: 3
   cols: 3
   dt: d
   data: [ 1., 0., 0., 0., 1., 0., 0., 0., 1. ]
projection: !!opencv-matrix
   rows: 4
   cols: 4
   dt: d
   data: [ 1.0944572486317720e+03, 0., 1.0515121466240557e+03, 0., 0.,
       1.0691238488998013e+03, 5.3169909113153403e+02, 0., 0., 0., 1.,
       0., 0., 0., 0., 1. ]
