%YAML:1.0
rotation: !!opencv-matrix
   rows: 3
   cols: 3
   dt: d
   data: [ 9.9993266999945318e-01, -7.3472192311044258e-03,
       -8.9818615740176674e-03, 7.2242749294223856e-03,
       9.9988080862953022e-01, -1.3644720081439514e-02,
       9.0810417634126679e-03, 1.3578913945040259e-02,
       9.9986656498583071e-01 ]
translation: !!opencv-matrix
   rows: 3
   cols: 1
   dt: d
   data: [ -1.5222689149305860e-02, -1.3402999772336876e-02,
       -1.6680546645846325e-02 ]
essential: !!opencv-matrix
   rows: 3
   cols: 3
   dt: d
   data: [ -1.2083457449533710e-06, 1.6496560288117464e-02,
       -1.3628812732660311e-02, -1.6541185668715246e-02,
       3.2926321907221891e-04, 1.5370480270515463e-02,
       1.3292124456775153e-02, -1.5319349513805721e-02,
       8.7325443697324943e-05 ]
fundamental: !!opencv-matrix
   rows: 3
   cols: 3
   dt: d
   data: [ -5.8506897787796929e-10, 8.4403273416845359e-06,
       -4.0500784265031066e-03, -8.3550684407948461e-06,
       1.7574243228421975e-07, 5.0001550827967582e-03,
       1.1236305891413747e-02, -1.6332624952174819e-02, 1. ]
