%YAML:1.0
depthShift: -5.6864728819797890e+00
